17.42
165.78
325.72
397.98
606.68
713.82
384.78
698.22
605.02
682.24
641.98
1061.24
1153.0
1072.86
1286.72
1215.82
1152.68
1418.74
1431.7
1840.96
1477.56
1505.62
1712.1
1939.08
1807.34
1931.82
2034.18
1986.44
2009.08
2031.72
2419.5
2062.88
1943.28
2120.48
2223.16
2233.86
2125.92
2104.7
2703.46
2459.32
2213.34
2272.14
2399.28
2394.88
2075.22
2324.58
2710.34
2431.24
2348.56
2635.84
2798.64
2565.6
2382.82
2536.36
2517.82
2354.42
2313.36
2581.52
2410.86
2368.74
2508.68
2199.48
2211.8
2185.68
2454.08
2131.18
2159.8
1982.72
2360.86
2187.68
1686.9
2091.42
2373.06
2101.38
1836.44
1666.62
1338.58
1973.64
1555.62
1787.84
1564.6
1381.66
1346.24
1131.14
1451.94
1422.52
975.54
1119.7
1273.32
1015.96
1075.7
700.46
674.32
952.24
457.16
509.36
275.32
118.04
89.16
