1.0
2.24
4.32
6.22
8.78
11.78
13.88
20.33
23.94
28.53
38.88
43.9
46.04
51.88
62.2
74.14
82.2
87.85
99.16
102.97
118.44
123.07
133.58
152.61
162.1
198.19
208.7
189.22
190.4
235.83
238.98
298.16
294.0
307.76
340.3
311.94
386.72
410.34
377.68
449.11
477.36
438.98
460.74
507.83
531.88
648.61
609.72
603.3
622.7
671.45
651.0
778.21
660.1
824.49
707.78
770.56
946.86
858.01
862.0
754.57
931.82
928.03
1035.5
945.94
961.86
1202.47
1087.4
1237.25
1144.98
1131.39
1356.0
1283.62
1470.08
1411.76
1489.38
1602.15
1635.18
1458.63
1712.24
1511.44
1620.88
1826.52
1776.0
1676.07
1954.38
1728.28
1670.28
1921.35
2350.4
1813.44
2062.02
2222.57
2289.48
2073.31
2412.24
2495.93
2294.4
2391.56
2387.66
